2120
2049
2038
2018
2140
2065
2088
2125
2134
2072
2149
2030
2098
2017
2095
2152
2000
2075
2043
2066
2102
2148
2115
2002
2019
2128
2105
2141
2118
2061
2067
2069
2003
2099
2053
2032
2127
2014
2144
2052
2042
2027
2096
2074
2064
2091
2112
2063
2016
2089
2078
2054
2025
2138
2109
2153
2076
2085
2137
2036
2060
2101
2126
2100
2117
2051
2133
2004
2094
2145
2041
2156
2130
2083
2092
2142
2131
2031
2113
2021
2119
2009
2082
2034
2150
2122
2047
2020
2104
2081
2136
2151
2111
2123
2097
2110
2121
2029
2084
2116
2146
2090
2024
2073
2046
2079
2080
2106
2037